321937408
16773134
27140166
170001
51099311
84098568
34995352
4722306
31244361
37750382
43374814
271267149
2240301
2240301
48313674
105808424
53550453
42569173
17476474
10015435
4952335
15876724
16952071
3956387
40757758
26157669
213371
36995789
12014889
35585841
19821167
710622
3433684
32435083
4200977
24201792
13132935
26216968
20150164
13290116
34696932
22693086
44491194
7535709
1806280
28777062
7257099
4806506
12311996
203209
1072501
1072501
58936926
8012417
23450636
18602076
2578819
3293580
1510411
3344951
87670107
13479762
12586526
12427153
50310462
106801514
4625563
54739116
161689947
163004764
9839158
24637974
191479826
32561752
49289101
29322506
4666439
52016508
13013977
30758163
622976
2078385
1650771
16378537
102771344
3853400
33309391
428952059
14940489
51541733
4648406
3277846
5047709
18268271
5186178
2371959
51945391
55182940
6043160
9820715
29404180
12340281
48936412
97816061
2757903
10699700
43131360
58555748
27585561
23702416
11454268
1448659
20275710
197741872
41959183
40098873
25907228
2233820
8883526
5517854
12063949
18949060
22244434
36982838
7524405
42617734
94099067
34885320
97553899
8855564
8855564
6319530
7125086
4884849
1025504
10804021
18877189
6964471
1152048
35760032
37348272
241577
13965681
5315820
11125755
12208943
13336198
23540583
300981849
1327793
1327793
3110802
48134888
94599553
75219149
35735248
22181014
376895302
6105984
10613973
11306456
16878344
2696665
5204697
16907813
12581378
8451974
122485543
21549535
51459492
607213
2557630
64036644
1341549
1248783
29990349
357566
302530
9029904
3845500
24333511
5130862
73539035
14434739
5326198
2831285
7046770
358158
